11111111110111111111111111111111111111111111111111
10000000010000000000000000000000000000000000000001
10111111111111111111111111001111111111111111111001
10100000000000000000000001000000000001000000000001
10101111111111111111111001111111111111111111111101
10101000000000000000001001100000000000000000000001
10101011111111111111101001101111111111111111111001
10101010000000000000001001101000000000000000001001
10101010111111111111111001101011111111111111001001
10101010100000000000000001101010000000000001001001
10101110111111111111111111111011111111111001111001
10100000100000000000000000000010000000001000000001
10101111101111111111111111111010111111101111111101
10101000001100000000000000001010100000001100000001
10101111111101111111111111101010101111101101111111
10100000000001000000000000001010101000000001000001
10101111111101011111111111111010101011111001111101
10100000000001010000000000000000101000001001000101
10101111111111010111111111111111111011101001110101
10100000000000000100000000000000000000101001000101
10101111111111111101111111111111111111101001001101
10001000000000000001100000000000000000101000001101
11101011111111111111101111111101111111111111111101
10101010000000000000001000000000000000000000000001
10101010111111111111100011111111111111111111111101
10101010100000000000000010000000000000000000000001
10001110111111111111111111111101111111101011111111
10100000001000000000000000000000000000001000000001
10101111101011111111111111111111111111101111111101
10100000101000000000000000000000000000100000000001
10101111101111111111111011111111111111111111111101
10100000000000000000000000000000000000100000000001
10101111111111111111111111111111111111101111111111
10100000000000000000000000000000000001100000000001
10101111111111011111111111111111111111101111111101
10100000000000000000000000000000000000100000000101
10101111101111111111111111111111111111111111111101
10101000001100000000000000001000000000000000000001
10101011111101111111111111111111111111111111111101
10101010000000000000000000000000000000100000000001
10111010111111111111111111111111111110001111111111
10101010000000000000000000010000000000111000000001
10101110111111111111111011111111111110000011111101
10100000100000010000100000000100000000001000000001
10111001101111111110001111111111111111101011111111
10001000000010000000100000000000000000001000000000
11111111111111111111111111111111111111111111111111

